127
1
3
400 300
2
3
400 300
3
399 310
3
397 320
3
395 330
3
391 340
3
386 350
3
380 358
3
374 366
3
366 374
3
358 380
3
350 386
3
340 391
3
330 395
3
320 397
3
310 399
3
300 400
3
289 399
3
279 397
3
269 395
3
259 391
3
250 386
3
241 380
3
233 374
3
225 366
3
219 358
3
213 350
3
208 340
3
204 330
3
202 320
3
200 310
3
200 300
3
200 289
3
202 279
3
204 269
3
208 259
3
213 250
3
219 241
3
225 233
3
233 225
3
241 219
3
249 213
3
259 208
3
269 204
3
279 202
3
289 200
3
300 200
3
310 200
3
320 202
3
330 204
3
340 208
3
350 213
3
358 219
3
366 225
3
374 233
3
380 241
3
386 250
3
391 259
3
395 269
3
397 279
3
399 289
1
3
0 0
