391
1
3
100 400
2
3
113 400
3
119 411
3
126 400
3
139 400
3
145 411
3
139 422
3
152 422
3
158 433
3
165 422
3
178 422
3
171 411
3
178 400
3
191 400
3
197 411
3
204 400
3
217 400
3
223 411
3
217 422
3
230 422
3
236 433
3
230 445
3
217 445
3
223 456
3
217 467
3
230 467
3
236 478
3
243 467
3
256 467
3
262 478
3
256 490
3
269 490
3
275 501
3
282 490
3
295 490
3
288 478
3
295 467
3
308 467
3
314 478
3
321 467
3
334 467
3
327 456
3
334 445
3
321 445
3
314 433
3
321 422
3
334 422
3
327 411
3
334 400
3
347 400
3
353 411
3
360 400
3
373 400
3
379 411
3
373 422
3
386 422
3
392 433
3
399 422
3
412 422
3
405 411
3
412 400
3
425 400
3
431 411
3
438 400
3
451 400
3
444 388
3
451 377
3
438 377
3
431 366
3
438 354
3
451 354
3
444 343
3
451 332
3
438 332
3
431 321
3
425 332
3
412 332
3
405 321
3
412 309
3
399 309
3
392 298
3
399 287
3
412 287
3
405 276
3
412 264
3
425 264
3
431 276
3
438 264
3
451 264
3
444 253
3
451 242
3
438 242
3
431 231
3
438 219
3
451 219
3
444 208
3
451 197
3
438 197
3
431 186
3
425 197
3
412 197
3
405 186
3
412 174
3
399 174
3
392 163
3
386 174
3
373 174
3
379 186
3
373 197
3
360 197
3
353 186
3
347 197
3
334 197
3
327 186
3
334 174
3
321 174
3
314 163
3
321 152
3
334 152
3
327 141
3
334 129
3
321 129
3
314 118
3
308 129
3
295 129
3
288 118
3
295 107
3
282 107
3
275 96
3
269 107
3
256 107
3
262 118
3
256 129
3
243 129
3
236 118
3
230 129
3
217 129
3
223 141
3
217 152
3
230 152
3
236 163
3
230 174
3
217 174
3
223 186
3
217 197
3
204 197
3
197 186
3
191 197
3
178 197
3
171 186
3
178 174
3
165 174
3
158 163
3
152 174
3
139 174
3
145 186
3
139 197
3
126 197
3
119 186
3
113 197
3
100 197
3
106 208
3
100 219
3
113 219
3
119 231
3
113 242
3
100 242
3
106 253
3
100 264
3
113 264
3
119 276
3
126 264
3
139 264
3
145 276
3
139 287
3
152 287
3
158 298
3
152 309
3
139 309
3
145 321
3
139 332
3
126 332
3
119 321
3
113 332
3
100 332
3
106 343
3
100 354
3
113 354
3
119 366
3
113 377
3
100 377
3
106 388
3
100 400
1
3
0 0
